111111111111111111111111111111111
111111111111111011111111111111111
111111111111111011111111111111111
222222222222222222222222222222222
111111111111120002111111111111111
100000000000000000000000000000001
111111111111120002111111111111111
111111111111122222111111111111111
105050505050501010505050505050501
150505050505051015050505050505051
105050505050501010505050505050501
180808080808001110080808080808081
155500000000001010000000000005551
155500008002001010020800000005551
155501500000001010000000000005551
155500008000001010000800000005551
155501500000001110000000000005551
155500000000061016000000000005551
155501500000611011600000000111111
100000000006115051160000000111111
100001500061150005116000000111111
100000000611500000511600000111111
100001006115000000051160000111111
100000061155558085555516000000101
111111111111111011111111111111111
100000000000000000000000000000001
100000000000007070000000000000001
100000000000010001000000000000001
100000000000010001000000000000001
111111111111111211111111111111111
111111111111111111111111111111111
111111111111111111111111111111111
111111111111111111111111111111111
222222222222222222222222222222222
200000000000022222020000000000002
200000000000026072020000000000002
222222222222222822222222222222222
111111111111111211111111111111111
